0 0.0180636 0.00562918 0.458793 13.1708 0.831585 5.57405 0.0116279 0.00366831 0.364614 24.2602 0.685567 5.89251 0.014186 0.00621947 0.512241 11.8202 0.846389 5.43593 0.0123547 0.00395795 0.379402 21.624 0.719734 5.83134 0.0176038 0.00341478 0.323796 42.0452 0.433115 6.02897 0.00775401 0.00262772 0.253232 61.9431 0.117473 6.18504 0.0108235 0.00357323 0.36837 31.8172 0.57229 5.93315 0.00695187 0.00266851 0.26043 51.9195 0.260983 6.15304 
0 0.0219171 0.00599515 0.464086 13.0002 0.833269 5.53988 0.0138081 0.00387735 0.372952 24.0775 0.686976 5.87041 0.0174419 0.00653515 0.523835 11.6509 0.848153 5.40623 0.0125969 0.0041019 0.379172 21.5034 0.720441 5.809 0.017341 0.0035183 0.327372 41.8263 0.434244 6.01023 0.0104278 0.00272055 0.253212 61.6003 0.119163 6.16772 0.0108235 0.00366012 0.371629 31.667 0.572979 5.91332 0.00935829 0.0027632 0.259572 51.7653 0.260505 6.13495 
0 0.0240741 0.00554667 0.436932 24.481 0.765332 5.75326 0.0156068 0.00318947 0.315317 42.7603 0.591199 6.13666 0.0204403 0.00502071 0.461344 21.1175 0.797885 5.74509 0.0165386 0.00311457 0.312977 42.5213 0.593532 6.13382 0.0155 0.003101 0.310566 68.8771 0.299616 6.18654 0.0101911 0.00216135 0.205176 100.474 -0.0291643 6.34763 0.0116015 0.00297949 0.323293 49.7466 0.520838 6.12748 0.00840764 0.00213101 0.198722 102.049 -0.0417152 6.35375 
0 0.0305618 0.00592321 0.454607 23.4393 0.745575 5.72574 0.0167232 0.00297465 0.305239 46.5611 0.493447 6.19182 0.0184702 0.00383747 0.402072 27.2401 0.708145 5.92116 0.0189831 0.00301349 0.307631 45.3688 0.506424 6.18264 0.0180752 0.00343652 0.335479 54.0684 0.364987 6.09252 0.00906832 0.00239741 0.222406 83.7456 0.00543037 6.30577 0.00813187 0.00263377 0.29023 51.9827 0.441063 6.19099 0.00919255 0.00238368 0.224267 85.9555 -0.0190847 6.30392 
0 0.043908 0.00650499 0.471701 18.9349 0.823986 5.65602 0.0439306 0.0040707 0.310681 42.1598 0.609038 6.16925 0.0773677 0.00865819 0.41904 26.1552 0.768826 5.79959 0.0439306 0.00408011 0.310464 41.4095 0.615871 6.16793 0.0112444 0.0031988 0.343082 57.0112 0.404617 6.09596 0.00559369 0.00210677 0.204891 91.3499 0.0419576 6.37821 0.0780477 0.00825258 0.342465 47.2074 0.580789 5.96507 0.00610221 0.0020791 0.207276 88.9716 0.0652255 6.38077 
0 0.0227368 0.00513369 0.424412 29.3227 0.638399 5.7568 0.0129101 0.00365824 0.350615 37.7759 0.532673 5.99152 0.0380545 0.00759054 0.522805 10.0275 0.886434 5.36738 0.0129101 0.0037207 0.353986 35.1246 0.56551 5.95577 0.0112128 0.00285082 0.285366 59.3733 0.287859 6.17259 0.00860265 0.00241837 0.235351 72.6633 0.12438 6.26141 0.0380502 0.00499282 0.3898 27.5981 0.687069 5.8166 0.00674262 0.00247232 0.238791 65.2978 0.213571 6.23533 
0 0.0153426 0.00408063 0.416936 26.4815 0.742041 5.95012 0.00866441 0.00211769 0.283407 47.5427 0.538096 6.37618 0.011803 0.00287219 0.368484 30.649 0.708096 6.13923 0.00612849 0.00199416 0.268258 52.8136 0.487082 6.41764 0.00774135 0.00238943 0.301091 64.026 0.349684 6.33053 0.00625 0.00178442 0.217672 88.2426 0.106521 6.54364 0.0106996 0.00221648 0.287119 56.7445 0.460562 6.37593 0.00497685 0.00177252 0.211506 91.0259 0.0797098 6.54265 
0 0.0177778 0.00521376 0.451234 25.9156 0.76034 5.7641 0.00625698 0.00239029 0.290759 47.1124 0.564586 6.27152 0.0451225 0.00510914 0.417257 24.1098 0.794442 5.86239 0.00782123 0.00246754 0.296233 45.1519 0.582826 6.25355 0.0128019 0.00330238 0.341559 56.0466 0.454244 6.13556 0.006141 0.00205702 0.223004 85.8557 0.157577 6.42226 0.043894 0.00424666 0.329297 45.3792 0.610286 6.11308 0.006141 0.00203318 0.217704 84.2553 0.17407 6.42064 
0 0.0240636 0.00550952 0.432636 19.7826 0.72482 5.63357 0.0176768 0.00396448 0.363989 27.7281 0.614485 5.87477 0.020901 0.00702152 0.519279 9.20231 0.872459 5.35487 0.0131524 0.00410284 0.36429 24.6222 0.657605 5.82813 0.0131073 0.00315935 0.295575 51.1051 0.295324 6.06031 0.00827586 0.00267021 0.244207 64.5715 0.105484 6.16152 0.0147783 0.0041005 0.379398 26.7327 0.627639 5.8325 0.00735632 0.00272277 0.2499 56.9965 0.210112 6.13567 
0 0.0280745 0.00945295 0.570842 12.4966 0.806309 5.17503 0.01225 0.00490188 0.412446 21.1093 0.673706 5.675 0.0384615 0.0082347 0.528395 7.28534 0.897886 5.22869 0.0135 0.00569794 0.442465 15.2628 0.764044 5.49296 0.0126924 0.004346 0.372152 30.7151 0.52023 5.78993 0.00825537 0.00312268 0.273577 50.4626 0.208567 6.03935 0.0384615 0.0052295 0.382236 25.8199 0.636246 5.74028 0.00811778 0.00333467 0.286984 39.741 0.377358 5.97478 
2 0.373047 0.161566 0.694923 28.4189 0.767521 3.41588 0.372164 0.160641 0.678387 33.0007 0.730269 3.41864 0.377592 0.171813 0.818721 5.27288 0.960474 3.13927 0.369328 0.158209 0.674948 32.3342 0.735553 3.43468 0.335464 0.133722 0.601714 67.4166 0.314543 3.56917 0.339827 0.137016 0.587425 76.0921 0.173773 3.50513 0.362751 0.156731 0.76636 11.2923 0.912057 3.31194 0.340067 0.137465 0.590915 74.5962 0.187042 3.50094 
2 0.195313 0.0826557 0.653616 28.7537 0.771705 3.80913 0.184119 0.0770486 0.622994 33.3942 0.73507 3.84958 0.210681 0.102406 0.793933 5.47623 0.960113 3.46628 0.184555 0.0763511 0.622032 32.699 0.740428 3.85159 0.142519 0.0534117 0.512032 68.3759 0.328124 4.03855 0.1443 0.0542228 0.495101 76.9255 0.193993 3.98108 0.180741 0.079275 0.713654 11.5141 0.912948 3.73095 0.146705 0.0553619 0.503472 75.4519 0.20684 3.96721 
2 0.323765 0.133697 0.781253 22.5275 0.623243 3.13005 0.313373 0.123456 0.73849 23.098 0.602124 3.2354 0.324078 0.139152 0.852931 1.30428 0.983952 2.89128 0.310769 0.121473 0.731454 24.0492 0.58559 3.26033 0.27468 0.0959144 0.63594 31.6361 0.468586 3.50308 0.27597 0.0960838 0.622697 33.666 0.400524 3.4884 0.304698 0.11826 0.770144 4.50415 0.943686 3.16581 0.273627 0.0940787 0.61017 35.5254 0.368589 3.53524 
2 0.272393 0.146877 0.742791 18.3828 0.829792 3.30882 0.262222 0.13935 0.707775 19.6212 0.818432 3.37815 0.294397 0.159545 0.82843 2.63651 0.977578 3.00566 0.256296 0.135803 0.699073 21.7479 0.79875 3.40569 0.220592 0.110593 0.611336 56.6082 0.425256 3.5566 0.220652 0.112237 0.603551 59.1715 0.39038 3.50106 0.264423 0.137741 0.750597 8.13726 0.930328 3.25803 0.22038 0.109095 0.591339 65.5589 0.324703 3.52911 
2 0.439106 0.246983 0.841358 17.8994 0.816529 2.45152 0.433258 0.239654 0.801414 22.6447 0.766964 2.53208 0.435825 0.255209 0.87376 5.03608 0.955938 2.32626 0.429213 0.235269 0.795902 22.8571 0.764816 2.5571 0.405635 0.203164 0.717395 56.3216 0.291331 2.67146 0.417243 0.213402 0.7132 66.1675 0.0703084 2.59106 0.413462 0.225182 0.823049 10.7926 0.899671 2.48827 0.403409 0.203257 0.696169 66.0655 0.0642446 2.62519 
2 0.339343 0.1355 0.657414 36.3698 0.781455 3.70799 0.337898 0.133997 0.642389 40.2948 0.757932 3.71673 0.343611 0.146984 0.827829 4.60947 0.974285 3.29379 0.337092 0.13334 0.640933 39.7473 0.761217 3.72501 0.304253 0.11088 0.555342 108.042 0.156604 3.84293 0.307981 0.113385 0.539924 116.268 0.0571218 3.77443 0.334117 0.134701 0.766849 10.6602 0.93965 3.51438 0.308862 0.114137 0.54561 114.896 0.0683417 3.76425 
2 0.30135 0.129176 0.737502 39.1421 0.793723 3.49319 0.297037 0.124803 0.702002 42.4719 0.77504 3.57406 0.309117 0.143034 0.843747 3.90575 0.981512 3.08646 0.297778 0.125083 0.700583 43.2324 0.771012 3.57429 0.270739 0.102009 0.563034 132.175 0.103868 3.65405 0.27663 0.106044 0.555743 141.143 -0.00895828 3.55496 0.295433 0.127547 0.776018 11.1873 0.946127 3.3031 0.271196 0.103131 0.547207 144.086 -0.0359978 3.57591 
2 0.333742 0.147506 0.717092 25.6535 0.8297 3.43192 0.327654 0.142485 0.690802 28.6823 0.807628 3.47004 0.335233 0.157331 0.851838 3.87512 0.977242 3.0314 0.325185 0.139896 0.684682 30.0259 0.798585 3.48368 0.297146 0.115021 0.585674 89.6978 0.299271 3.62263 0.301902 0.118663 0.573328 97.9226 0.179169 3.55083 0.316827 0.137527 0.7798 11.0716 0.933021 3.25582 0.296739 0.11589 0.568063 102.157 0.141899 3.557 
2 0.328 0.144906 0.729652 25.6817 0.822742 3.40672 0.321509 0.139096 0.704394 26.9522 0.810633 3.44065 0.328012 0.153798 0.858276 2.19763 0.987049 2.99244 0.321761 0.138625 0.700516 28.3909 0.800233 3.45684 0.289402 0.11125 0.572553 88.6742 0.240759 3.63475 0.293824 0.114717 0.567565 91.7743 0.176697 3.54585 0.313327 0.136987 0.789733 6.37972 0.962189 3.20706 0.291332 0.113102 0.564362 97.4156 0.130502 3.56089 
2 0.181853 0.0537705 0.585064 14.8841 0.886563 4.50536 0.17222 0.050163 0.56087 17.0052 0.869774 4.55294 0.201873 0.0653912 0.767872 2.44064 0.981432 3.93647 0.172995 0.0505293 0.566985 15.8632 0.878555 4.53722 0.136975 0.0371655 0.43603 74.6987 0.376607 4.85065 0.133418 0.0370464 0.426751 77.815 0.345574 4.81146 0.173295 0.0519339 0.675159 7.77026 0.940999 4.27535 0.135101 0.0375067 0.431043 75.4619 0.368039 4.81178 
1 0.0257707 0.00493996 0.487572 14.4044 0.885845 5.71856 0.0179264 0.00206594 0.265668 54.9758 0.563939 6.43108 0.0437209 0.00409789 0.36761 42.4742 0.66729 6.21799 0.0193798 0.00210221 0.266898 54.9441 0.564216 6.43107 0.0110352 0.00255683 0.34291 44.5131 0.63476 6.25335 0.00347594 0.00149558 0.18113 107.146 0.110502 6.63393 0.0404706 0.00325486 0.276365 74.6503 0.409498 6.44309 0.00360963 0.0015523 0.189293 103.619 0.139187 6.61569 
1 0.04 0.00986275 0.560778 12.3954 0.882044 5.17948 0.04 0.00460736 0.326196 36.5466 0.652653 5.91932 0.0769231 0.00900913 0.407006 25.3233 0.783062 5.68028 0.04 0.00452624 0.322794 36.8515 0.649876 5.94044 0.0182257 0.00498214 0.400876 53.1332 0.423062 5.72621 0.00691193 0.00261573 0.212533 91.789 7.52169e-05 6.17425 0.0769231 0.0083707 0.326643 45.9704 0.605527 5.86635 0.00635451 0.00259042 0.220529 91.5391 0.00341143 6.17697 
1 0.04 0.00986275 0.560778 12.3954 0.882044 5.17948 0.04 0.00460736 0.326196 36.5466 0.652653 5.91932 0.0769231 0.00900913 0.407006 25.3233 0.783062 5.68028 0.04 0.00452624 0.322794 36.8515 0.649876 5.94044 0.0182257 0.00498214 0.400876 53.1332 0.423062 5.72621 0.00691193 0.00261573 0.212533 91.789 7.52169e-05 6.17425 0.0769231 0.0083707 0.326643 45.9704 0.605527 5.86635 0.00635451 0.00259042 0.220529 91.5391 0.00341143 6.17697 
1 0.0172067 0.00544233 0.460253 18.8974 0.80117 5.64193 0.00764045 0.00257197 0.296662 37.4384 0.607049 6.1694 0.0380294 0.00525849 0.42298 21.0929 0.79882 5.77541 0.00719101 0.00255907 0.290385 38.024 0.600847 6.17579 0.0102016 0.00316023 0.328503 49.8535 0.447678 6.06354 0.00518775 0.00211548 0.204855 84.0791 0.0646356 6.34079 0.0380245 0.00456466 0.343378 44.9056 0.569541 5.97608 0.00494071 0.00210133 0.207988 82.918 0.0791073 6.34356 
1 0.0181421 0.00555341 0.464079 16.0949 0.809898 5.60437 0.00747253 0.00264474 0.307924 33.9908 0.599974 6.12342 0.0137363 0.00390806 0.412074 21.0264 0.759998 5.82598 0.00703297 0.00257467 0.297243 35.4622 0.582681 6.14016 0.00902827 0.0032071 0.334059 46.5726 0.386114 6.03225 0.00507246 0.00218567 0.21457 79.3928 -0.0440569 6.29919 0.0108974 0.0029752 0.315214 44.6673 0.491215 6.06169 0.00531401 0.00216266 0.212235 78.0734 -0.0270474 6.2994 
1 0.0180723 0.00669476 0.51753 11.236 0.845984 5.3516 0.00984848 0.00363923 0.357877 24.6114 0.660881 5.89414 0.0484848 0.00821957 0.486508 13.3476 0.823036 5.44716 0.0106061 0.00397373 0.371859 22.1265 0.694988 5.82235 0.0128697 0.00364105 0.35445 31.2076 0.575067 5.9087 0.00683213 0.00258037 0.22659 65.6634 0.0906389 6.1694 0.0419632 0.00556484 0.36866 40.5764 0.456718 5.8129 0.00683213 0.00256077 0.228142 63.4384 0.12114 6.1621 
1 0.0378378 0.0126669 0.623112 5.23417 0.902924 4.8781 0.0158696 0.00422326 0.337997 27.9124 0.482616 5.78151 0.0163043 0.00433515 0.359898 25.2318 0.543498 5.75866 0.0141304 0.0040556 0.33259 29.9596 0.444863 5.81227 0.0227967 0.00709562 0.466931 13.863 0.744034 5.37881 0.009914 0.00325998 0.245827 58.8433 -0.100859 5.9763 0.010989 0.00320738 0.261863 52.5444 0.0373648 5.98184 0.00776398 0.00320551 0.238577 59.1429 -0.104528 5.97647 
1 0.0432609 0.00718132 0.492871 15.6643 0.865364 5.5525 0.0426229 0.00414715 0.308624 44.2577 0.620649 6.13183 0.0849096 0.00978476 0.413213 31.8869 0.744358 5.84542 0.0432787 0.00414773 0.306006 44.8551 0.615534 6.14306 0.0108696 0.00334898 0.332666 54.965 0.475576 6.06315 0.00768676 0.0021109 0.200336 97.3766 0.0633483 6.36428 0.0841479 0.00903382 0.335037 56.5693 0.543928 6.03078 0.00648571 0.00209468 0.199702 95.6185 0.0806575 6.36976 
1 0.0432609 0.00718132 0.492871 15.6643 0.865364 5.5525 0.0426229 0.00414715 0.308624 44.2577 0.620649 6.13183 0.0849096 0.00978476 0.413213 31.8869 0.744358 5.84542 0.0432787 0.00414773 0.306006 44.8551 0.615534 6.14306 0.0108696 0.00334898 0.332666 54.965 0.475576 6.06315 0.00768676 0.0021109 0.200336 97.3766 0.0633483 6.36428 0.0841479 0.00903382 0.335037 56.5693 0.543928 6.03078 0.00648571 0.00209468 0.199702 95.6185 0.0806575 6.36976 
1 0.0154839 0.00549801 0.463524 18.6585 0.82243 5.67237 0.00756757 0.00248285 0.286695 47.1492 0.553011 6.2579 0.0488565 0.00525594 0.406932 32.0249 0.720075 5.94989 0.00713514 0.00244622 0.28202 47.9092 0.545804 6.26372 0.011454 0.00329178 0.336929 51.1772 0.477774 6.10544 0.00605845 0.00200122 0.199987 94.0831 0.0395143 6.40107 0.0474989 0.00439822 0.323114 57.2949 0.49857 6.15391 0.00546448 0.00199657 0.204116 91.9468 0.0605902 6.40496 
1 0.018324 0.00542968 0.453047 24.6011 0.751055 5.70064 0.00966292 0.00245472 0.275869 52.2886 0.467884 6.26354 0.0468885 0.00511509 0.398902 31.5562 0.70444 5.93279 0.00786517 0.00241116 0.272848 53.0481 0.460158 6.26963 0.0121448 0.00334557 0.337087 54.9196 0.431198 6.08929 0.00642292 0.00206279 0.204986 95.0817 0.00413066 6.38216 0.0467657 0.0043313 0.309233 56.3619 0.470141 6.15181 0.00543478 0.00204106 0.209883 93.6837 0.0205682 6.3905 
1 0.08 0.0109329 0.49856 16.7138 0.84936 5.44324 0.08 0.00849661 0.321957 43.4407 0.60762 5.96932 0.115607 0.0158095 0.42333 28.7799 0.751113 5.65085 0.08 0.0085025 0.32221 42.616 0.615032 5.97292 0.0107446 0.00316352 0.318425 59.4618 0.396043 6.0291 0.00521231 0.00214989 0.186141 100.484 -0.0327451 6.32017 0.115834 0.0154409 0.353225 54.731 0.522977 5.7877 0.00521231 0.00216317 0.179201 101.227 -0.0410164 6.31597 
1 0.023 0.00726873 0.576229 10.9795 0.892929 5.41942 0.00955975 0.00220226 0.291001 55.0531 0.45875 6.35139 0.0106434 0.0025711 0.341503 45.1795 0.568528 6.23259 0.00930818 0.00220647 0.295911 54.4647 0.464534 6.34559 0.0146739 0.00355384 0.375949 40.078 0.585995 6.03082 0.00581556 0.00190094 0.194403 104.236 -0.096092 6.47426 0.00538951 0.00217087 0.257352 70.9403 0.317738 6.33944 0.0052617 0.0019251 0.202818 101.131 -0.0656281 6.46427 
